image_width: 1280
image_height: 720
camera_name: camera
camera_matrix:
  rows: 3
  cols: 3
  data: [938.14962105815437, 0.0, 642.97177435148296, 0.0, 943.13284936087291, 372.15732281972402, 0.0, 0.0, 1.0]
distortion_model: plumb_bob
distortion_coefficients:
  rows: 1
  cols: 5
  data: [-0.12, 0.09, 0.001, -0.002, 0.0]
rectification_matrix:
  rows: 3
  cols: 3
  data: [1.0, 0.0, 0.0, 0.0, 1.0, 0.0, 0.0, 0.0, 1.0]
projection_matrix:
  rows: 3
  cols: 4
  data: [1061.2, 0.0, 653.9, 0.0, 0.0, 1060.2, 368.7, 0.0, 0.0, 0.0, 1.0, 0.0]
